,Cluster,Count,User
0,0,1,_the_tale_
1,0,1,ALeighMP
2,0,1,jim_thudfan
3,0,1,IamHotDogginIt
4,0,1,SamValley
5,0,1,javajolts
6,0,1,PinosLady
7,0,1,fredbauerblog
8,0,1,itsdaniherrera
9,0,1,JustLooking1968
10,0,1,andrea6773
11,0,1,eliotchris17
12,0,1,MIAMTEC
13,0,1,sfloridastorm
14,0,1,sorox6
15,0,1,DanaJTowns
16,0,1,mikhaill
17,0,1,LU_Rambler12
18,0,1,bestofvineorg
19,0,1,MeganKnotts
20,0,1,MollyBinion
21,0,1,DallasFun11
22,0,1,mabelbartlett13
23,0,1,random_flail
24,0,1,GlobalOkanagan
25,0,1,pqpolitics
26,0,1,GeoffreyRowan
27,0,1,_LaMaravilla
28,0,1,summersstine
29,0,1,LemonKiwiFruit
30,0,1,FaluGurjar
31,0,1,CoffeeIsAFood
32,0,1,Jazzycat1727
33,0,1,DolapoAina
34,0,1,jhkayejr
35,0,1,ChristyMcLaughl
36,0,1,maxfreixenet
37,0,1,logger_peter
38,0,1,THR
39,0,1,shannonweston76
40,0,1,greenfroger76
41,0,1,LyonBurke
42,0,1,kskidmore_
43,0,1,icenycbx
44,0,1,_dfzv
45,0,1,rubin_debra
46,0,1,Mollyright
47,0,1,whodreamedit
48,0,1,lovingthefilm
49,0,1,CagedTigersRMad
50,0,1,dtphd
51,0,1,flavs_is_here
52,0,1,jeffholland74
53,0,1,_BAMFOn
54,0,1,1CarynH
55,0,1,Hindusamrat
56,0,1,robynlynn62
57,0,1,EUInternacional
58,0,1,treein303
59,0,1,BrettParnell463
60,0,1,LoganHeiman_
61,0,1,jakesmomma04
62,0,1,marcyrw
63,0,1,zac3323
64,0,1,Dakamargeo
65,0,1,KeiranEU
66,0,1,LynneZ222
67,0,1,Princess__Fiona
68,0,1,tinaalicia70
69,0,1,SuccessfulDoll
70,0,1,BrianSwiftie13
71,0,1,AndyWHumphreys
72,0,1,YPFPNY
73,0,1,MiguelRivero94
74,0,1,TalkerMark
75,0,1,ElUniversal
76,0,1,JillBish
77,0,1,Bk_aldamer
78,0,1,Brettgt500
79,0,1,webjournalist
80,0,2,VEllisWade
81,0,1,jason_
82,0,1,QOTDCT
83,0,1,Batmandrake
84,0,1,LadyDeeTeeMI
85,0,1,kuomaple
86,0,1,daviddeluz
87,0,1,maikel15177656
88,0,1,DanTheVeganMan
89,0,1,lexiigus
90,0,1,CandyAcidReign
91,0,1,Berine38
92,0,1,macranger
93,0,1,wlmmlr
94,0,1,NYCeeChica
95,0,1,imsheddingskin
96,0,1,WorkmanNathan
97,0,1,hardeho01
98,0,1,intlibecosoc
99,0,1,TKellam24
100,0,1,Jorge56966167
101,0,1,75superman75
102,0,1,tsydnor
103,0,1,HoodieHornet
104,0,1,Patriot18D
105,0,1,inaneframe
106,0,1,wiseaslatinas
107,0,1,chuck3337100
108,0,1,fenwaysteve
109,0,1,glib_sphincter
110,0,1,TheoSuch
111,0,1,HerrUschi
112,0,1,livylove90
113,0,1,_Teufelshunde
114,0,1,leighthinks
115,0,1,GHOSTLIBRARY
116,0,1,KamalaHarris
117,0,1,TaylorMarylee
118,0,1,hokeisit
119,0,1,theajulieABC
120,0,1,i_am_joli_anne
121,0,1,Yanjushe
122,0,1,gretstan
123,0,1,kickeye
124,0,1,RichGee6
125,0,1,jonelle_kaye
126,0,1,TinaGolaszewsk1
127,0,1,carlawinston5
128,0,1,LucasNYKFCB
129,0,1,NotoriousVida
130,0,1,nowisation
131,0,1,christirich
132,0,1,nonsequitur20
133,0,1,MatthewmanJ
134,0,1,SoloTengoEsto
135,0,1,EvelienNYC
136,0,1,JRothra
137,0,1,GGNJ2000
138,0,1,GabrielVaraljay
139,0,1,hannah_trinette
140,0,1,Kenshiro73
141,0,1,LordNahyr
142,0,1,jpcrotser
143,0,1,blaj4we
144,0,1,GodH8sWindbags
145,0,1,angrymom80
146,0,1,gaybbylou
147,0,1,trendinaliaPI
148,0,1,RockNGloss
149,0,1,YoungDems4Trump
150,0,1,Ada_Wood
151,0,1,ComerRay
152,0,1,Zelda23Pinwheel
153,0,1,grammasrevenge
154,0,1,Chrrypie1105
155,0,1,nicorios
156,0,1,busybusybees
157,0,1,Alevllmon1D
158,0,1,elnuevodiario
159,0,1,KeltieTX
160,0,1,RufusKings1776
161,0,1,NW_2006
162,0,1,ChrisWisniewsk1
163,0,1,StuckeyFreddy
164,0,1,_chrism31_
165,0,1,i8veggies
166,0,1,mrs_actor_dude
167,0,1,mzoptimizm
168,0,1,VitruvianMonkey
169,0,1,tyler_zickel
170,0,1,_violent_SPEED
171,0,1,bajagal56
172,0,1,AngelaR25290290
173,0,1,dineo_b
174,0,1,MittR0mney
175,0,1,TwcArthur
176,0,1,gurutoyou
177,0,1,cdixon25
178,0,1,Francescaeliz
179,0,1,KathieKatKate
180,0,1,VivaLaAmes
181,0,1,melaniesgore
182,0,1,TriniANGEL19
183,0,1,trumpology
184,0,1,Nicole_Palomba
185,0,1,DianaRuCa
186,0,1,wenbama1
187,0,1,CapnCanada
188,0,1,world_wide_anon
189,0,1,Gavin_Michaels
190,0,1,Toth_4_Texas
191,0,1,CFARobinson
192,0,1,heydollkelly
193,0,1,Slave2Machine
194,0,1,DanielOtabor
195,0,1,ceasarishome
196,0,1,kathyorozco25
197,0,1,onetwogee
198,0,1,DHewson
199,0,1,KorbyBoswell
200,0,1,kylehocking
201,0,1,12Csalas
202,0,1,HeyItsDeeGamer
203,0,1,jliz05120521
204,0,1,birdieglad
205,0,1,sandiv11
206,0,1,MrWyatt47
207,0,1,JimnBL
208,0,1,SteveOfTexas
209,0,1,LukeOja
210,0,1,dtrombino
211,0,1,2016_or_bust
212,0,1,cynpark13
213,0,1,MiaDCorcoran
214,0,1,drmanagement
215,0,1,CaiweiZhu
216,0,1,MichiganCubsFan
217,0,1,medellinemil
218,0,1,stefdeal
219,0,1,esteban_ramos
220,0,1,SunMoonKnight
221,0,1,thewomensdebate
222,0,1,TheKrisCarey
223,0,1,Janine_nyc
224,0,1,AnisonII
225,0,1,dlbvet
226,0,1,Chammond7777
227,0,1,JoshHuff20
228,0,1,seekaychin
229,0,1,DanielBeerthuis
230,0,1,mcspocky
231,0,1,data4all
232,0,1,nick_ramsey
233,0,1,WestWingAddict
234,0,1,BaxterDerrick
235,0,1,Will_Duffield
236,0,1,AdamTinoo
237,0,1,FitnessFilmBuff
238,0,1,CSConservativ
239,0,1,Gailmarlowe888
240,0,1,akmeeks
241,0,1,BOMZA1
242,0,1,realJudyDee
243,0,1,MickihallJ
244,0,1,manueladunixe
245,0,1,Kylere_Original
246,0,1,LukeBryanSucks
247,0,1,BillKempin
248,0,1,BeardAndBoston
249,0,1,faramerican
250,0,1,lyoskfed
251,0,1,PoliticsUSmore
252,0,1,RMarcelc
253,0,1,clstokes
254,0,1,Sky2764
255,0,1,kimijtoo
256,0,1,jakaroo65
257,0,1,TheMollyTurner
258,0,1,WarrenBeasley
259,0,1,mudcrabmerchant
260,0,1,RollTideLady87
261,0,1,blueinmo
262,0,1,herenowhere3
263,0,1,bxletters73
264,0,1,JessicaSolano
265,0,1,adamrezich
266,0,1,DanoWright1
267,0,1,AhYeahBriYeah
268,0,1,Williams67James
269,0,1,JeremyScholz1
270,0,1,madisoncasteel
271,0,1,avi_14_mufc
272,0,1,R__Lynn
273,0,1,Monssemireles
274,0,1,lustlikethesin
275,0,1,MishaRJoseph
276,0,1,Hope_ful1980
277,0,1,CMRanapia
278,0,1,RayKoagel
279,0,1,yassimelody
280,0,1,NERDSofACADEMIA
281,0,1,delk_hannah
282,0,1,Flipinwipintaco
283,0,1,MariamAtash
284,0,1,ivanlanda
285,0,1,JOHNEHUME
286,0,1,bethrevis
287,0,1,allyyyS
288,0,1,solaranoir
289,0,1,OverTheMoonbat
290,0,1,MissFushiGaming
291,0,1,beanbabies
292,0,1,QuakesFan84
293,0,1,bigbabe2022
294,0,1,jojithumma
295,0,1,tnynews
296,0,1,GeorgiaBlue404
297,0,1,henriquevoxx
298,0,1,turtlebeach122
299,0,1,madtrinidmadman
300,0,1,tessasnation
301,0,1,brian_kelly22
302,0,1,berningman16
303,0,1,treyhoneycutt
304,0,1,EmmaLaPoune
305,0,1,EmeraldRobes
306,0,1,HopeAintChange
307,0,1,DesignerFash
308,0,1,girlsreallyrule
309,0,1,perryncolds
310,0,1,PhillyKat71
311,0,1,darealTstarks
312,0,1,ShelbyNBenson
313,0,1,dilemmv
314,0,1,dogstar_K9
315,0,1,enter_ch0
316,0,1,EJLandwehr
317,0,1,chandri
318,0,1,RealDonalDrumpf
319,0,1,Morgen_15
320,0,1,watertigernyc
321,0,1,CeecodeSkyfall
322,0,1,RhondaS75500655
323,0,1,milleryan33
324,0,1,JTMillahThaDon
325,0,1,kinni00
326,0,1,MamaTransitions
327,0,1,Towbay
328,0,1,lukepellworld
329,0,1,justdaid
330,0,1,ArtistSoSexi
331,0,1,graceishuman
332,0,1,PatrickSutton
333,0,1,michcaso
334,0,1,PaperclipNZ
335,0,1,coloncancersux
336,0,1,liberalinsf
337,0,1,brittashipsit
338,0,1,ImWithYou010
339,0,1,CoffeeCreamTalk
340,0,1,kierobar
341,0,1,Lynette0922
342,0,1,Proshadetree1
343,0,1,SamyDestrangis
344,0,1,lilorents
345,0,1,graisinbrand
346,0,1,TMcVayII
347,0,1,pambnme
348,0,1,Danzerlace666
349,0,1,BeKindBeGood
350,0,1,HagansAvenue
351,0,1,FedUpUSA
352,0,1,iBiebTeam
353,0,1,spiritual11
354,0,1,knoxmom09
355,0,1,TroyWalkeresq
356,0,1,ADRIAN_KAL_EL
357,0,1,donnamoon81146
358,0,1,Nialld_5
359,0,1,DrCoffae
360,0,1,TheRealRogerB
361,0,1,AYO_AYO_AYO_
362,0,1,demonic
363,0,1,Itz_hayatu
364,0,1,DSNyDE
365,0,1,dana_lombardo
366,0,2,melistired
367,0,1,Taronyoung
368,0,1,GregoryGAllen
369,0,1,CelestineBeet
370,0,1,TanoriAllison
371,0,1,Estherrocks37
372,0,1,phillipjesus
373,0,1,C_L_I_C_K
374,0,1,cavorticus
375,0,1,TTom13
376,0,1,Orwells_Dilemma
377,0,1,plasticgranola
378,0,1,EdnaKrandall
379,0,1,ludentrodaldeia
380,0,1,NorthCaliGrl
381,0,1,wickedhausfx
382,0,1,dengleberry
383,0,1,ElChavoDelPocho
384,0,1,KatherinVII
385,0,1,CWoodwardFS
386,0,1,BurnsieAnn
387,0,1,Kaveriis
388,0,1,NewGuyWhen
389,0,1,TheIslamicLight
390,0,1,selfmadelatino
391,0,1,TracyGreentea
392,0,1,Jon_theHuman
393,0,1,mlhagood
394,0,1,elisenel
395,0,1,KeepingLeft
396,0,1,The_Games_Afoot
397,0,1,WheresWehrle
398,0,1,FullFreedomInUS
399,0,1,ZAmmi
400,0,1,KevinMc_US
401,0,1,SmokingScreen
402,0,1,mrhonorama
403,0,1,jlupf
404,0,1,NizamovRus
405,0,1,DawnBasham71
406,0,1,sanndstuuh
407,0,1,mompowers
408,0,1,TXSpiritSister
409,0,1,sachalouise
410,0,1,shayspace
411,0,1,Ur44d
412,0,1,ThereseRahmani
413,0,1,sIymm
414,0,1,amishcomic
415,0,1,Woelfe
416,0,1,sylcloutier
417,0,1,HaleyALemieux
418,0,1,thefirstTessa
419,0,1,AySiAja
420,0,1,aaronorris
421,0,1,StacyandBrad
422,0,1,rmjs19
423,0,1,dsexauer
424,0,1,keeninga
425,0,1,gplee12
426,0,1,keplermessiah
427,0,1,djangeloXD
428,0,1,DerNegativeOne
429,0,1,CriStalsis
430,0,1,BobTony42
431,0,1,JeffryD918
432,0,1,Triangle_Cross
433,0,1,ZelosWCTsang
434,0,1,TruthSerumUSA
435,0,1,vi_charan
436,0,1,NotHipsterToast
437,0,1,TK_67000
438,0,1,lorettatheprole
439,0,1,peevee24
440,0,1,SandersForUSA
441,0,1,PoisonIvy70
442,0,1,Aguss_Mastra
443,0,1,katewyman4
444,0,1,RealityChick01
445,0,1,shelby596
446,0,1,CraigTRobertson
447,0,1,haroldb21
448,0,1,Medic3569
449,0,1,orehovamariana2
450,0,1,prof_taxi
451,0,1,thejoeyg1983
452,0,1,Luke_Garvey
453,0,1,DrHooves
454,0,1,ComplyAnalyst
455,0,1,towner_terri
456,0,1,robert_schuetz
457,0,1,guayaba
458,0,1,Michiganborn58
459,0,1,49VT
460,0,1,silasofficial
461,0,1,andreaa_luvv
462,0,1,PracticalLefty
463,0,1,shipdiggity
464,0,1,3littlepeople
465,0,1,mdooling
466,0,1,fieldistheworst
467,0,1,AppSame
468,0,1,Ariuszme
469,0,1,Pthorn6A
470,0,1,krisikaye5
471,0,1,PandoraSpeaks03
472,0,1,soupVR
473,0,1,pastoutvintage
474,0,1,JustTrueBlue
475,0,1,anantucketlady
476,0,1,Walkingstickmt
477,0,1,JayToven10
478,0,1,BrentBraveman
479,0,1,apwriter
480,0,1,crazy_train78
481,0,1,Karen_Nichols
482,0,1,suz_stone
483,0,1,TragicallySchap
484,0,1,JBellEoL
485,0,1,fabyousalon
486,0,1,HistoRoundtable
487,0,1,DDgirl8
488,0,1,JazzyJeff2121
489,0,1,j363j
490,0,1,MrTheRiedl
491,0,1,Patrick_Arnold_
492,0,1,CoilySue86
493,0,1,jrwadsworth18
494,1,1,Madison_Raee16
495,1,1,Corey_Shields15
496,1,1,Zache24
497,1,1,OufNnun
498,1,1,newcecelia
499,1,1,Lil_donut_
500,1,1,domenicsciulli
501,1,1,ViciTrue
502,1,1,H0tBoyDr3w
503,1,1,MadisonPetree
504,1,1,SanctusDeity
505,1,1,titzi1982
506,1,1,brentyn_grooms
507,1,1,playatoma
508,1,1,stop_andstare_
509,1,1,3rebboys
510,1,1,yakychavez_6
511,1,1,santillon
512,1,1,Kerry1035
513,1,1,NoChaseJusErase
514,1,1,KatSheffer_1
515,1,1,Mixxed__17
516,1,1,ryanbarnwell_
517,1,1,harleygrl3465
518,1,1,austin_koontz
519,1,1,brookemoses_
520,1,1,buttyrack
521,1,1,I_Got_Springz
522,1,1,joeymassing1324
523,1,1,terry_witz
524,1,1,BirdmanMike13
525,1,1,queen_fynes
526,1,1,3sammysam3
527,1,1,HCSdotcom
528,1,1,SandraA70468606
529,1,1,iTzTannerC
530,1,1,girlthatsimani
531,1,1,CourtneyMayfie3
532,1,1,IjazeDaniel
533,1,1,Galer_Sean
534,1,1,NMkiller
535,1,1,nicnamered
536,1,1,KishbaughDoreen
537,1,1,victoriagerrity
538,1,1,americanone1
539,1,1,prunty33
540,1,1,John_Tarwater
541,1,1,jessiehillboi
542,1,1,KING_NAZZY
543,1,1,00_carolina_01
544,1,1,abedant
545,1,1,RioghanKennedy
546,1,1,LewIsabella
547,1,1,JoJovolleygirl
548,1,1,alyssaleigh_7
549,1,1,troygonzalez92
550,1,1,DrewDrew41
551,1,1,StormChaseLisa
552,1,1,houzer17
553,1,1,adamenscoe
554,1,1,angelphoenix4
555,1,1,puckett199
556,1,1,forevergreatek
557,1,1,JennMaldonado13
558,1,1,gene_alice
559,1,1,crider_claude
560,1,1,chris_vonharten
561,1,1,The_Raithe
562,1,1,jack_greene_
563,1,1,PawlowskiSBA
564,1,1,gnidy53
565,1,1,billyv5915
566,1,1,Da_Big_Moose
567,1,1,fbtvlvsme
568,1,1,erintyoung2016
569,1,1,Bayru_Gecko
570,1,1,bianca02225
571,1,1,hollowman777
572,1,1,Xv_Prxnce
573,1,1,Bri_Januszyk
574,1,1,UniqlyDee
575,1,1,EricAlan32
576,1,1,capn_cummings
577,1,1,hashbrownschan_
578,1,1,MeggsVeit
579,1,1,eemmiiillyy__
580,1,1,madysonmcaninch
581,1,1,fobbierarrell
582,1,1,jake_w97
583,1,1,Bailey_Perryman
584,1,1,Hillman_Strunk
585,1,1,NateMiller32
586,1,1,migi_sandoval22
587,1,1,SporeUnite
588,1,1,ariannaaalynn
589,1,1,caloag
590,1,1,samet63
591,1,1,galactic_Mouse
592,1,1,camilo_foreroo
593,1,1,kinzzyyyyy
594,1,1,RayAlan2435
595,1,1,captains1stm8
596,1,1,Daztoff
597,1,1,baxterbuddy1
598,1,1,juliecarveth
599,1,1,hannah_w25
600,1,1,MPGANGA
601,1,1,chase_natale
602,1,1,guskarau
603,1,1,PatriciaHammes2
604,1,1,haley_haybear
605,1,1,Lizeth2219
606,1,1,prestongreene03
607,1,1,cmultrading
608,1,1,CAROLOPEZ
609,1,1,lauralizzie1998
610,1,1,Milldew826
611,1,1,taylar_may
612,1,1,missd92807
613,1,1,casey_plaisance
614,1,1,ejbritton2015
615,1,1,dannyandbarkley
616,1,1,bjaves19
617,1,1,taylorbeil
618,1,1,Mommy2JandB
619,1,1,LPMMontagnon
620,1,1,Giovanni_717
621,1,1,ItzzDeezy
622,1,1,swerveonly
623,1,1,Gzickgraf05
624,1,1,Mos1644
625,1,1,Cassskent
626,1,1,KyleStokar
627,1,1,BCreveling3
628,1,1,janethaneberg
629,1,1,DianaMarcum628
630,1,1,RPeeps87
631,1,1,ashleenicole325
632,1,1,_ntollefson
633,1,1,teresap2212
634,1,1,_Matthew_15
635,1,1,AmberHopeRichie
636,1,1,stinkystacey
637,1,1,cbermanator
638,1,1,Brynn_Salinas
639,1,1,ConnieBowes
640,1,1,aka2rubbas
641,1,1,EmilyEckert1
642,1,1,EthaBrooke
643,1,1,drewpants99
644,1,1,TommmyJefferson
645,1,1,krakray
646,1,1,amartinezz__
647,1,1,Jblake01
648,1,1,Webhead1661
649,1,1,caallgood2
650,1,1,Gamino_TheKing
651,1,1,Right_Smarts
652,1,1,fstalker3
653,1,1,Z_robins7899
654,1,1,meanerdeaner
655,1,1,jasonktate
656,1,1,AmayaEskue
657,1,1,Angela13355
658,1,1,obliviousolive
659,1,1,MeZalku
660,1,1,coronajosh_7
661,1,1,HayleyBreannaa
662,1,1,qroberts8
663,1,1,therapyworksBC
664,1,1,H_FAD
665,1,1,dennisbettis
666,1,1,WillysBaldSpot
667,1,1,NamVet50
668,1,1,SuzannaChaparro
669,1,1,chaseenglish7
670,1,1,thesteeleman76
671,1,1,iamsweetv
672,1,1,VivaLaAmes
673,1,1,ceeele
674,1,1,clairemosc
675,1,1,MHammond1954
676,1,1,bvincent68
677,1,1,McAnaAna
678,1,1,Ahsoka_Fan
679,1,1,SerSereyn
680,1,1,gmh3rmk
681,1,1,ElizabethZoie
682,1,1,Calt45_
683,1,1,d0llarjill
684,1,1,t0rimilla
685,1,1,_origprincess
686,1,1,_rejina1
687,1,1,angelleeann_
688,1,1,jayyy_jaeee
689,1,1,michaelastrausb
690,1,1,h_sharp13
691,1,1,warrennmatthews
692,1,1,sebilechristian
693,1,1,CoachRodgers10
694,1,1,DallasMichael96
695,1,1,RHWOOBsandy
696,1,1,mmcfarland529
697,1,1,madisonjreed
698,1,1,BenRoper16
699,1,1,TheEricBoyd
700,1,1,AntonillexRob
701,1,1,MHonadle
702,1,1,KristenOlmi
703,1,1,hollyandhomer
704,1,1,Ryanp_snyder
705,1,1,RickW302
706,1,1,peyton__mull
707,1,1,asejdin
708,1,1,aimanhaziqahhh
709,1,1,lydia22381252
710,1,1,TrussElise
711,1,1,jontag_43
712,1,1,sinflds
713,1,1,tatisaywhat
714,1,1,Meggy_stilwell
715,1,1,bfritz2015
716,1,1,SamanthaRoseCo
717,1,1,savannahgora
718,1,1,MarianaSanche_
719,1,1,BaiocchiRay
720,1,1,Angel_Qx
721,1,1,Eazy_Eeeeeege
722,1,1,Ivan_chavez24
723,1,1,susie_miner
724,1,1,K_Weaver03
725,1,1,AndrewRuth2
726,1,1,miriahmascetta
727,1,1,brookemecum_
728,1,1,JeffChanceUSA
729,1,1,wertman
730,1,1,AdamRStratton
731,1,1,np_griffin
732,1,1,psychchief
733,1,1,kuntryBoy2010
734,1,1,emilysbs
735,1,1,stephen_t5
736,1,1,morrisl98
737,1,1,samorim77
738,1,1,melissa_rose599
739,1,1,blaizereiss19
740,1,1,bonniegracethom
741,1,1,formarrowdbs
742,1,1,JennaWilliams41
743,1,1,Notorious_BIGZ
744,1,1,emmajo1522
745,1,1,DStraw29
746,1,1,cuckwatch3000
747,1,1,_kevinbruce_
748,1,1,theluckyjuan_
749,1,1,Grant_Sles
750,1,1,KayceeKlaren
751,1,1,Navylife84
752,1,1,el_dog_13
753,1,1,PennyLane516
754,1,1,CaraF99
755,1,1,MShahab
756,1,1,keepmyfreedom
757,1,1,overunderwriter
758,1,1,giorgiocx2
759,1,1,slipmoon16
760,1,1,trawetsla
761,1,1,gailspencer8
762,1,1,Samzahkastern99
763,1,1,fionamanzella
764,1,1,abbycrino
765,1,1,GaineyJohnny
766,1,1,BoozeBrandon
767,1,1,tvogvo
768,1,1,makenziie__
769,1,1,Tyler_Fink11
770,1,1,amyconsidder
771,1,1,sierra_brooke11
772,1,1,repulsive
773,1,1,mmitch277
774,1,1,Daang_girl
775,1,1,gammawcarol
776,1,1,AndreaDashae
777,1,1,YarbroughStorm
778,1,1,kiraalewiss
779,1,1,Whatthe_becc
780,1,1,KaviCat
781,1,1,alecsramirez
782,1,1,_AlexasMcClain
783,1,1,hannah_cox97
784,1,1,ashley_keagan
785,1,1,BurnettPreston
786,1,1,darkostoj5
787,1,1,IKNOMYWORTH
788,1,1,chels14verm
789,1,1,Zapify_
790,1,1,liampolding2
791,1,1,SciGroupie
792,1,1,sherrifood
793,1,1,GrossRicci
794,1,1,fedup_patriot
795,1,1,THESageCat
796,1,1,KlNTHEAM
797,1,1,DeplorableJoCur
798,1,1,karen_gamez
799,1,1,jnm_xoxo
800,1,1,monchies24
801,1,1,hnjosefczyk
802,1,1,1245leeBonnie
803,1,1,Chelsea_Blaney
804,1,1,KarrieFleetwood
805,1,1,mjcasey19
806,1,1,michael_mkoch15
807,1,1,kalpxl
808,1,1,risssa_5
809,1,1,_brennamills_
810,1,1,malloryburkee
811,1,1,puppydogeyes12
812,1,1,emilyamandamohr
813,1,1,Flowcahontas
814,1,1,120sewing
815,1,1,WuotanRudra
816,1,1,cbutell58
817,1,1,chloeberk
818,1,1,Arjargon
819,1,1,Tman4EverGolden
820,1,1,hhut44
821,1,1,EmperorYakupov
822,1,1,tabx22
823,1,1,DanielSeeman
824,1,1,KathyVanKlavere
825,1,1,maddyhammons
826,1,1,dwilch_
827,1,1,chonly0409
828,1,1,BryceBowden
829,1,1,meloso101
830,1,1,erincoreyy
831,1,1,AlottaPower
832,1,1,karlaamaldonado
833,1,1,haileychandler5
834,1,1,smsmccaff
835,1,1,camiespice
836,1,1,Emily_Pedone
837,1,1,destinyanamarie
838,1,1,gabriellejg12
839,1,1,JohnHinnant
840,1,1,BuArtsJournal
841,1,1,torikathleen_
842,1,1,Bmoultrie5
843,1,1,connerlinton9
844,1,1,Jackson_Hook6
845,1,1,VIEWREGUl
846,1,1,Rooobeeezy
847,1,1,kijaa_k
848,1,1,nochangeplease
849,1,1,cabrala_
850,1,1,yagaltj
851,1,1,gnicole07
852,1,1,Kathryn20234243
853,1,1,mort_michael
854,1,1,emininanic
855,1,1,Nathan55Ward
856,1,1,DavidsonCayla_
857,1,1,CodyJernigan
858,1,1,ohrorygilmores
859,1,1,Stopcnnlies
860,1,1,BenAscone
861,1,1,caitlynlame
862,1,1,jeniaraegan
863,1,1,ayeeemelina
864,1,1,kehlanisroses
865,1,1,Sasha225Livia
866,1,1,troyeskordei
867,1,1,ladendorfd
868,1,1,amandabarrett33
869,1,1,danemada98
870,1,1,carolpeixoto9
871,1,1,DrDarrickLawson
872,1,1,thekentmeister
873,1,1,serenityfollows
874,1,1,junglehump
875,1,1,sandgnatlawson
876,1,1,lester_yapshing
877,1,1,realMLE
878,1,1,JblockLax21
879,1,1,aboygriffin
880,1,1,BathSaltWarrior
881,1,1,DarkTriadMan
882,1,1,jessmaierrr
883,1,1,javaplugins
884,1,1,mollsbroughton
885,1,1,thequiethowell
886,1,1,bigmurica13
887,1,1,DJ_Collison98
888,1,1,Evan_Siebert
889,1,1,lara_wilkes
890,1,1,Hdjdbdhzbbs
891,1,1,TragerC95_
892,1,1,thuglide
893,1,1,untamable_mare
894,1,1,rspin122112
895,1,1,mckenzie_torres
896,1,1,ericelff
897,1,1,SusannahDorton
898,1,1,scottmittel2272
899,1,1,blake_thistle
900,1,1,cooch2113
901,1,1,gillcolon1158
902,1,1,million_mason
903,1,1,beyondashadow
904,1,1,sam_shocker
905,1,1,TekkDeffAustin
906,1,1,kayleers_
907,1,1,Hansen_Hamilton
908,1,1,mrj199
909,1,1,Knightly_Guy
910,1,1,rodg2915
911,1,1,mysmileisfor5H
912,1,1,ammandaav
913,1,1,HunterLininger7
914,1,1,systematacorp
915,1,1,EmButlahh_
916,1,1,itsKKH_
917,1,1,RealSlim_Caity
918,1,1,Bcartercom1
919,1,1,taylorroots
920,1,1,schoremis1
921,1,1,BryceCarrick
922,1,1,mdonelan17
923,1,1,Lrd_Lessa
924,1,1,TerryOgolf
925,1,1,smg7320
926,1,1,NotJesseBrdford
927,1,1,aj_jorgensen24
928,1,1,j12english
929,1,1,The_Trumpident
930,1,1,OGRobGoblin
931,1,1,ElisonGreen
932,1,1,BetaPrando
933,1,1,Benrichardson22
934,1,1,nenareuser
935,1,1,Byrdboymicah
936,1,1,ginacz
937,1,1,Hannahn84463835
938,1,1,DanaisaMarie1
939,1,1,Michelelj72
940,1,1,Manders1233
941,1,1,2016_kyle
942,1,1,MichaelPedone
943,1,1,sergei_schippa
944,1,1,dogmotto
945,1,1,imtellingdave
946,1,1,jodiehans
947,1,1,mrs_keene2
948,1,1,James_WTH
949,1,1,chrisjen4
950,1,1,Batigers99Eric
951,1,1,paolacortes94
952,1,1,nicole_ostrich
953,1,1,OnlyTyrant
954,1,1,vibin_s0uls
955,1,1,AKopchia
956,1,1,jonp40
957,1,1,deborahlynnakin
958,1,1,Dunn_Greatness
959,1,1,ryanmiller1001
960,1,1,uneasyrhetoric
961,1,1,Burning4Buddy
962,1,1,Negr0Jenkins
963,1,1,ALEXISJACKIE
964,1,1,_Kirasinnn
965,1,1,joeymanno
966,1,1,justKhloeee
967,1,1,peterwenchell
968,1,1,terillia
969,1,1,thatsoyeni
970,1,1,SarahAnneWelch
971,1,1,lamaarkk
972,1,1,mc_hayls
973,1,1,Josh_Lea25
974,1,1,nsmith81213
975,1,1,Bowden56
976,1,1,br3mari
977,1,1,FairfaxFawkes
978,1,1,witlesswilliam
979,1,1,F_vega18
980,1,1,brookewilking98
981,1,1,jilliangrapsy
982,1,1,debhick
983,1,1,1purplehaze1
984,1,1,Jdwill6
985,1,1,amandahest
986,1,1,linda_geib
987,1,1,gabcranston
988,1,1,jerginicolee
989,1,1,LarkinElise
990,1,1,CashMoney_yo
991,1,1,RealistReport
992,1,1,kayyla_renaee
993,1,1,strydr
994,1,1,tannertonioli
995,1,1,tamberalyssa
996,1,1,aislingfarmny
997,1,1,fentynay
